{
    "bind_googles/animations/Animations.animation": {
        "layers": [
            {
                "blendWeight": 1,
                "defaultState": "Take_001",
                "name": "LAYERS0",
                "states": {
                    "Take_001": {
                        "stateRef": "hello-goon/animations/Take.animstate"
                    },
                    "idle_a": {
                        "stateRef": "idle_a/animations/idle_a.animstate",
                        "transitions": {
                            "Take_001": {
                                "fadeTime": "0.1",
                                "type": "Fade"
                            }
                        }
                    },
                    "idle_b": {
                        "stateRef": "idle_b/animations/idle_b.animstate"
                    },
                    "idle_c": {
                        "stateRef": "idle_c/animations/idle_c.animstate"
                    }
                },
                "transitions": {
                    "*": {
                        "fadeTime": "0.6",
                        "type": "Fade"
                    }
                }
            }
        ],
        "ref": "bind_googles/animations/Animations.animation"
    },
    "bind_googles/bind_googles.group": {
        "libraryRefs": [
            "bind_googles/skeletons/Skeleton.skeleton",
            "bind_googles/entities/MotionSystem.entity",
            "bind_googles/animations/Animations.animation",
            "bind_googles/entities/goon_mesh.entity",
            "bind_googles/meshes/goon_mesh.mesh",
            "bind_googles/entities/RootNode.entity",
            "bind_googles/entities/Group.entity",
            "bind_googles/textures/Goon2_Ambient1.texture",
            "bind_googles/textures/Goon2_Diffuse1.texture",
            "bind_googles/entities/FKSystem.entity",
            "bind_googles/entities/CenterOffset_M.entity",
            "bind_googles/entities/CenterExtra_M.entity",
            "bind_googles/textures/Goon2_Bump2_NRM.texture",
            "bind_googles/entities/DeformationSystem.entity",
            "bind_googles/entities/Center_M.entity",
            "bind_googles/textures/Goon2_Emit2.texture",
            "bind_googles/entities/Main.entity",
            "bind_googles/textures/Goon2_Reflect5.texture",
            "bind_googles/entities/RootCenterBtwLegsBlended_M.entity",
            "bind_googles/materials/goon_material.material",
            "bind_googles/binaries/1390567783_data.bin",
            "bind_googles/images/Goon2_Diffuse_Red1.jpg",
            "bind_googles/images/Goon2_Bump2_NRM.jpg",
            "bind_googles/images/Goon2a_Specular_001.jpg",
            "bind_googles/images/Goon2_Emit2.jpg"
        ],
        "name": "bind_googles",
        "ref": "bind_googles/bind_googles.group"
    },
    "bind_googles/entities/CenterExtra_M.entity": {
        "components": {
            "transform": {
                "parentRef": "bind_googles/entities/CenterOffset_M.entity",
                "rotation": [
                    0.0,
                    -0.0,
                    0.0
                ],
                "scale": [
                    1.0000000000000002,
                    1.0,
                    1.0
                ],
                "translation": [
                    0.0,
                    0.0,
                    0.0
                ]
            }
        },
        "name": "CenterExtra_M",
        "nodeType": "Null"
    },
    "bind_googles/entities/CenterOffset_M.entity": {
        "components": {
            "transform": {
                "parentRef": "bind_googles/entities/RootCenterBtwLegsBlended_M.entity",
                "rotation": [
                    0.0,
                    -0.0,
                    0.0
                ],
                "scale": [
                    0.9999999999999999,
                    1.0,
                    1.0
                ],
                "translation": [
                    0.0,
                    -1.1102230246251565e-16,
                    -3.469446951953614e-18
                ]
            }
        },
        "name": "CenterOffset_M",
        "nodeType": "Null"
    },
    "bind_googles/entities/Center_M.entity": {
        "components": {
            "transform": {
                "parentRef": "bind_googles/entities/CenterExtra_M.entity",
                "rotation": [
                    0.0,
                    -0.0,
                    0.0
                ],
                "scale": [
                    1.0,
                    1.0,
                    1.0
                ],
                "translation": [
                    0.0,
                    0.0,
                    0.0
                ]
            }
        },
        "name": "Center_M",
        "nodeType": "Line"
    },
    "bind_googles/entities/DeformationSystem.entity": {
        "components": {
            "transform": {
                "parentRef": "bind_googles/entities/Main.entity",
                "rotation": [
                    0.0,
                    -0.0,
                    0.0
                ],
                "scale": [
                    1.0,
                    1.0,
                    1.0
                ],
                "translation": [
                    0.0,
                    0.0,
                    0.0
                ]
            }
        },
        "name": "DeformationSystem",
        "nodeType": "Null"
    },
    "bind_googles/entities/FKSystem.entity": {
        "components": {
            "transform": {
                "parentRef": "bind_googles/entities/MotionSystem.entity",
                "rotation": [
                    0.0,
                    -0.0,
                    0.0
                ],
                "scale": [
                    1.0,
                    1.0,
                    1.0
                ],
                "translation": [
                    0.0,
                    0.0,
                    0.0
                ]
            }
        },
        "name": "FKSystem",
        "nodeType": "Null"
    },
    "bind_googles/entities/Group.entity": {
        "components": {
            "transform": {
                "parentRef": "bind_googles/entities/RootNode.entity",
                "rotation": [
                    0.0,
                    -0.0,
                    0.0
                ],
                "scale": [
                    1.0,
                    1.0,
                    1.0
                ],
                "translation": [
                    0.0,
                    0.0,
                    0.0
                ]
            }
        },
        "name": "Group",
        "nodeType": "Null"
    },
    "bind_googles/entities/Main.entity": {
        "components": {
            "transform": {
                "parentRef": "bind_googles/entities/Group.entity",
                "rotation": [
                    0.0,
                    -0.0,
                    0.0
                ],
                "scale": [
                    1.0,
                    1.0,
                    1.0
                ],
                "translation": [
                    0.0,
                    0.0,
                    0.0
                ]
            }
        },
        "name": "Main",
        "nodeType": "NurbsCurve"
    },
    "bind_googles/entities/MotionSystem.entity": {
        "components": {
            "transform": {
                "parentRef": "bind_googles/entities/Main.entity",
                "rotation": [
                    0.0,
                    -0.0,
                    0.0
                ],
                "scale": [
                    1.0,
                    1.0,
                    1.0
                ],
                "translation": [
                    0.0,
                    0.0,
                    0.0
                ]
            }
        },
        "name": "MotionSystem",
        "nodeType": "Null"
    },
    "bind_googles/entities/RootCenterBtwLegsBlended_M.entity": {
        "components": {
            "transform": {
                "parentRef": "bind_googles/entities/FKSystem.entity",
                "rotation": [
                    0.0,
                    -0.0,
                    0.0
                ],
                "scale": [
                    1.0,
                    1.0,
                    1.0
                ],
                "translation": [
                    0.0,
                    0.31315954698487614,
                    3.469446951953614e-18
                ]
            }
        },
        "name": "RootCenterBtwLegsBlended_M",
        "nodeType": "Null"
    },
    "bind_googles/entities/RootNode.entity": {
        "components": {
            "animation": {
                "layersRef": "bind_googles/animations/Animations.animation",
                "poseRef": "bind_googles/skeletons/Skeleton.skeleton"
            },
            "transform": {
                "rotation": [
                    0.0,
                    -0.0,
                    0.0
                ],
                "scale": [
                    1.0,
                    1.0,
                    1.0
                ],
                "translation": [
                    0.0,
                    0.0,
                    0.0
                ]
            }
        },
        "name": "bind_googles",
        "nodeType": "Null"
    },
    "bind_googles/entities/goon_mesh.entity": {
        "components": {
            "meshData": {
                "meshRef": "bind_googles/meshes/goon_mesh.mesh",
                "poseRef": "bind_googles/skeletons/Skeleton.skeleton"
            },
            "meshRenderer": {
                "castShadows": true,
                "cullMode": "Dynamic",
                "materialRefs": [
                    "bind_googles/materials/goon_material.material"
                ],
                "receiveShadows": true,
                "reflectable": false
            },
            "transform": {
                "parentRef": "bind_googles/entities/RootNode.entity",
                "rotation": [
                    0.0,
                    -0.0,
                    0.0
                ],
                "scale": [
                    1.0,
                    1.0,
                    1.0
                ],
                "translation": [
                    0.0,
                    0.0,
                    0.0
                ]
            }
        },
        "name": "goon_mesh",
        "nodeType": "Mesh"
    },
    "bind_googles/materials/goon_material.material": {
        "blendState": {
            "blendDst": "OneMinusSrcAlphaFactor",
            "blendEquation": "AddEquation",
            "blendSrc": "SrcAlphaFactor",
            "blending": "NoBlending"
        },
        "cullState": {
            "cullFace": "Back",
            "enabled": true,
            "frontFace": "CCW"
        },
        "depthState": {
            "enabled": true,
            "write": true
        },
        "name": "goon_material",
        "ref": "bind_googles/materials/goon_material.material",
        "renderQueue": 1000,
        "shaderRef": "GOO_ENGINE_SHADERS/uber",
        "texturesMapping": {
            "AMBIENT_MAP": {
                "enabled": true,
                "textureRef": "bind_googles/textures/Goon2_Ambient1.texture"
            },
            "AO_MAP": null,
            "DIFFUSE_MAP": {
                "enabled": true,
                "textureRef": "bind_googles/textures/Goon2_Diffuse1.texture"
            },
            "EMISSIVE_MAP": {
                "enabled": true,
                "textureRef": "bind_googles/textures/Goon2_Emit2.texture"
            },
            "NORMAL_MAP": {
                "enabled": true,
                "textureRef": "bind_googles/textures/Goon2_Bump2_NRM.texture"
            },
            "REFLECTION_MAP": {
                "enabled": true,
                "textureRef": "bind_googles/textures/Goon2_Reflect5.texture"
            },
            "SPECULAR_MAP": {
                "enabled": true,
                "textureRef": "bind_googles/textures/Goon2_Reflect5.texture"
            }
        },
        "type": "Phong",
        "uniforms": {
            "discardThreshold": {
                "enabled": false,
                "value": 0
            },
            "fresnel": {
                "enabled": true,
                "value": 0
            },
            "materialAmbient": {
                "enabled": true,
                "value": [
                    0.5727272727272728,
                    0.49462809917355377,
                    0.49462809917355377,
                    1
                ]
            },
            "materialDiffuse": {
                "enabled": true,
                "value": [
                    0.6363636363636364,
                    0.6363636363636364,
                    0.6363636363636364,
                    1
                ]
            },
            "materialEmissive": {
                "enabled": true,
                "value": [
                    0.8545454545454545,
                    0.8545454545454545,
                    0.8545454545454545,
                    1
                ]
            },
            "materialSpecular": {
                "enabled": true,
                "value": [
                    0.8818181818181818,
                    0.8176859504132231,
                    0.8176859504132231,
                    1
                ]
            },
            "materialSpecularPower": {
                "enabled": true,
                "value": 18
            },
            "normalMultiplier": {
                "enabled": true,
                "value": 1
            },
            "opacity": {
                "enabled": true,
                "value": 1
            },
            "reflectivity": {
                "enabled": true,
                "value": 0
            }
        }
    },
    "bind_googles/meshes/goon_mesh.mesh": {
        "binaryRef": "bind_googles/binaries/1390567783_data.bin",
        "boundingVolume": {
            "max": [
                0.6616696119308472,
                1.528285264968872,
                0.35385623574256897
            ],
            "min": [
                -0.6616696119308472,
                0.0,
                -0.2565987706184387
            ],
            "type": "BoundingBox"
        },
        "colors": [],
        "indexLengths": [
            7230
        ],
        "indexModes": [
            "Triangles"
        ],
        "indices": [
            0,
            7230,
            "uint16"
        ],
        "joints": [
            81820,
            6736,
            "uint8"
        ],
        "name": "Utf8_error_0",
        "normals": [
            34668,
            5052,
            "float32"
        ],
        "tangents": [
            54876,
            6736,
            "float32"
        ],
        "textureCoords": [
            [
                115500,
                3368,
                "float32"
            ]
        ],
        "type": "SkinnedMesh",
        "vertexCount": 1684,
        "vertices": [
            14460,
            5052,
            "float32"
        ],
        "weights": [
            88556,
            6736,
            "float32"
        ]
    },
    "bind_googles/skeletons/Skeleton.skeleton": {
        "joints": [
            {
                "index": 0,
                "inverseBindPose": {
                    "matrix": [
                        5.053215498074303e-16,
                        1.0,
                        0.0,
                        -0.313159546984876,
                        -5.053215498074303e-16,
                        2.5534986869978324e-31,
                        1.0,
                        -7.996524920467168e-32,
                        1.0,
                        -5.053215498074303e-16,
                        5.053215498074303e-16,
                        1.5824626761939034e-16,
                        0.0,
                        0.0,
                        0.0,
                        1.0
                    ]
                },
                "name": "FKOffsetRoot_M",
                "parentIndex": -32768
            },
            {
                "index": 1,
                "inverseBindPose": {
                    "matrix": [
                        5.053215498074303e-16,
                        1.0,
                        0.0,
                        -0.31315954698487614,
                        -5.053215498074303e-16,
                        2.5534986869978324e-31,
                        1.0,
                        -3.469446951953694e-18,
                        1.0,
                        -5.053215498074303e-16,
                        5.053215498074303e-16,
                        1.5824626761939034e-16,
                        0.0,
                        0.0,
                        0.0,
                        1.0
                    ]
                },
                "name": "Root_M",
                "parentIndex": -32768
            },
            {
                "index": 2,
                "inverseBindPose": {
                    "matrix": [
                        5.032479051937923e-16,
                        0.9958963859458829,
                        -0.09050076496875037,
                        -0.5603621853265458,
                        -4.595895629946633e-16,
                        0.09050076496875037,
                        0.9958963859458829,
                        -0.07636870724708866,
                        1.0,
                        -4.595895629946633e-16,
                        5.032479051937923e-16,
                        1.9083811453945943e-16,
                        0.0,
                        0.0,
                        0.0,
                        1.0
                    ]
                },
                "name": "BackA_M",
                "parentIndex": 1
            },
            {
                "index": 3,
                "inverseBindPose": {
                    "matrix": [
                        5.053215498074303e-16,
                        1.0,
                        5.551115123125783e-17,
                        -0.8444368153474675,
                        -5.053215498074303e-16,
                        -5.5511151231257574e-17,
                        1.0,
                        5.3690836102219085e-05,
                        1.0,
                        -5.053215498074303e-16,
                        5.053215498074303e-16,
                        4.3314917002012246e-16,
                        0.0,
                        0.0,
                        0.0,
                        1.0
                    ]
                },
                "name": "BackB_M",
                "parentIndex": 2
            },
            {
                "index": 4,
                "inverseBindPose": {
                    "matrix": [
                        5.053215498074303e-16,
                        1.0,
                        5.551115123125783e-17,
                        -0.9782225476959748,
                        -5.053215498074303e-16,
                        -5.5511151231257574e-17,
                        1.0,
                        5.369048410330935e-05,
                        1.0,
                        -5.053215498074303e-16,
                        5.053215498074303e-16,
                        5.711918746644751e-16,
                        0.0,
                        0.0,
                        0.0,
                        1.0
                    ]
                },
                "name": "Chest_M",
                "parentIndex": 3
            },
            {
                "index": 5,
                "inverseBindPose": {
                    "matrix": [
                        -0.5717846154860236,
                        0.8146161867100475,
                        -0.09727703656816429,
                        -0.9560066697738209,
                        0.8030770239832679,
                        0.5800004037498445,
                        0.13662659038487604,
                        -0.39927908700817816,
                        0.16771895254764677,
                        2.9419309892648285e-08,
                        -0.9858348507515454,
                        0.010409496848048675,
                        0.0,
                        0.0,
                        0.0,
                        1.0
                    ]
                },
                "name": "Scapula_R",
                "parentIndex": 4
            },
            {
                "index": 6,
                "inverseBindPose": {
                    "matrix": [
                        -0.6631969270176188,
                        -0.7445395568651592,
                        -0.07635891734054379,
                        0.608295909166131,
                        -0.5736637849432016,
                        0.44014384168321496,
                        0.6907845253572069,
                        -0.5818444564639306,
                        -0.480707497173726,
                        0.5019305199839653,
                        -0.7190174234812388,
                        -0.6684684344449336,
                        0.0,
                        0.0,
                        0.0,
                        1.0
                    ]
                },
                "name": "Shoulder_R",
                "parentIndex": 5
            },
            {
                "index": 7,
                "inverseBindPose": {
                    "matrix": [
                        -0.6631969270176188,
                        -0.7445395568651592,
                        -0.07635891734054379,
                        0.49640393161323876,
                        -0.5736637849432016,
                        0.44014384168321496,
                        0.6907845253572069,
                        -0.5818444564639302,
                        -0.480707497173726,
                        0.5019305199839653,
                        -0.7190174234812388,
                        -0.668468436038564,
                        0.0,
                        0.0,
                        0.0,
                        1.0
                    ]
                },
                "name": "ShoulderPart1_R",
                "parentIndex": 6
            },
            {
                "index": 8,
                "inverseBindPose": {
                    "matrix": [
                        -0.6631969270176188,
                        -0.7445395568651592,
                        -0.07635891734054379,
                        0.38451195408910455,
                        -0.5736637849432016,
                        0.44014384168321496,
                        0.6907845253572069,
                        -0.5818444564639308,
                        -0.480707497173726,
                        0.5019305199839653,
                        -0.7190174234812388,
                        -0.6684684376321945,
                        0.0,
                        0.0,
                        0.0,
                        1.0
                    ]
                },
                "name": "ShoulderPart2_R",
                "parentIndex": 7
            },
            {
                "index": 9,
                "inverseBindPose": {
                    "matrix": [
                        -0.4725404030492374,
                        -0.8666988918935128,
                        0.1598080044197423,
                        0.47379229559986236,
                        -0.6935270762553903,
                        0.47757975130131636,
                        0.5393864807794342,
                        -0.677209562181276,
                        -0.5438067322006176,
                        0.1440507269593912,
                        -0.8267548766567735,
                        -0.42026510055905175,
                        0.0,
                        0.0,
                        0.0,
                        1.0
                    ]
                },
                "name": "Elbow_R",
                "parentIndex": 8
            },
            {
                "index": 10,
                "inverseBindPose": {
                    "matrix": [
                        -0.4725404030492374,
                        -0.8666988918935129,
                        0.15980800441974244,
                        0.3848876434709125,
                        -0.7865578114743315,
                        0.49653806145961327,
                        0.3671195482818086,
                        -0.7463733991944224,
                        -0.397532862408599,
                        0.04778058509986692,
                        -0.9163430793064031,
                        -0.27957521001041336,
                        0.0,
                        0.0,
                        0.0,
                        1.0
                    ]
                },
                "name": "ElbowPart1_R",
                "parentIndex": 9
            },
            {
                "index": 11,
                "inverseBindPose": {
                    "matrix": [
                        -0.47254040304923745,
                        -0.8666988918935129,
                        0.15980800441974252,
                        0.29598305369605005,
                        -0.8491565998437437,
                        0.496285298618196,
                        0.18064875121976398,
                        -0.7866600257678984,
                        -0.23587843569914627,
                        -0.05033818794915382,
                        -0.9704779391650897,
                        -0.1280685480352913,
                        0.0,
                        0.0,
                        0.0,
                        1.0
                    ]
                },
                "name": "ElbowPart2_R",
                "parentIndex": 10
            },
            {
                "index": 12,
                "inverseBindPose": {
                    "matrix": [
                        -0.3170654105254123,
                        -0.9484036722031103,
                        -7.749131401835194e-08,
                        0.34401325172232006,
                        -0.9484036722031132,
                        0.31706541052541337,
                        -1.645680159152862e-09,
                        -0.7480231883089429,
                        2.613058439759487e-08,
                        7.297125852359427e-08,
                        -0.999999999999997,
                        -0.015271371849580344,
                        0.0,
                        0.0,
                        0.0,
                        1.0
                    ]
                },
                "name": "Wrist_R",
                "parentIndex": 11
            },
            {
                "index": 13,
                "inverseBindPose": {
                    "matrix": [
                        -0.23697806246661093,
                        -0.9714065871423221,
                        -0.014513454656871398,
                        0.3280946928477012,
                        -0.9715048955147457,
                        0.23701729179530492,
                        -0.0010204807216197937,
                        -0.7384354166775166,
                        0.004431241412398833,
                        0.013858060705787852,
                        -0.9998941535247721,
                        -0.04762750045309922,
                        0.0,
                        0.0,
                        0.0,
                        1.0
                    ]
                },
                "name": "MiddleFinger1_R",
                "parentIndex": 12
            },
            {
                "index": 14,
                "inverseBindPose": {
                    "matrix": [
                        -0.2794582814016845,
                        -0.9600768489658951,
                        -0.012470486587785459,
                        0.2628580318347081,
                        -0.9601506628126407,
                        0.2793824202712593,
                        0.007494527591590581,
                        -0.7485802676935666,
                        -0.003711287709766464,
                        0.014067953763521764,
                        -0.9998941539085243,
                        -0.052878999429007395,
                        0.0,
                        0.0,
                        0.0,
                        1.0
                    ]
                },
                "name": "MiddleFinger2_R",
                "parentIndex": 13
            },
            {
                "index": 15,
                "inverseBindPose": {
                    "matrix": [
                        -0.3403654667924496,
                        -0.9402170960584163,
                        -0.011965002910079283,
                        0.17783644643898294,
                        -0.9402859008613783,
                        0.3402850348698686,
                        0.008277661802649479,
                        -0.7297426575068846,
                        -0.0037112877097663587,
                        0.014067953763521735,
                        -0.9998941539085245,
                        -0.048425099760413766,
                        0.0,
                        0.0,
                        0.0,
                        1.0
                    ]
                },
                "name": "MiddleFinger3_R",
                "parentIndex": 14
            },
            {
                "index": 16,
                "inverseBindPose": {
                    "matrix": [
                        -0.24924761371982512,
                        -0.9324799175040109,
                        0.2614513922446899,
                        0.3519684292137786,
                        0.07728869230058774,
                        0.2499574346983631,
                        0.9651672077321523,
                        -0.13051247825004625,
                        -0.9653507575474518,
                        0.26077285957462565,
                        0.009768859290348951,
                        -0.7183720313716876,
                        0.0,
                        0.0,
                        0.0,
                        1.0
                    ]
                },
                "name": "ThumbFinger1_R",
                "parentIndex": 12
            },
            {
                "index": 17,
                "inverseBindPose": {
                    "matrix": [
                        0.07947083156041808,
                        -0.8059160124207069,
                        0.5866717718239074,
                        0.4101642769782567,
                        0.16762204545091103,
                        0.5909568141578111,
                        0.7890962512135655,
                        -0.23243251074842494,
                        -0.9826429854275393,
                        0.03562898713628289,
                        0.18205311990101736,
                        -0.6284023311134773,
                        0.0,
                        0.0,
                        0.0,
                        1.0
                    ]
                },
                "name": "ThumbFinger2_R",
                "parentIndex": 16
            },
            {
                "index": 18,
                "inverseBindPose": {
                    "matrix": [
                        0.07947083156041808,
                        -0.8059160124207069,
                        0.5866717718239074,
                        0.3717157826295603,
                        0.16762204545091103,
                        0.5909568141578111,
                        0.7890962512135655,
                        -0.20001731324290103,
                        -0.9826429854275393,
                        0.03562898713628289,
                        0.18205311990101736,
                        -0.6315626379815577,
                        0.0,
                        0.0,
                        0.0,
                        1.0
                    ]
                },
                "name": "ThumbFinger3_R",
                "parentIndex": 17
            },
            {
                "index": 19,
                "inverseBindPose": {
                    "matrix": [
                        -0.2519564222894855,
                        -0.9282793514144515,
                        0.27352405196737206,
                        0.2891143972599556,
                        -0.9641982612747451,
                        0.2649532689634105,
                        0.01102171585380583,
                        -0.7344810455054724,
                        -0.08270232295311815,
                        -0.2609544232297466,
                        -0.9618020143329857,
                        0.10403045073343543,
                        0.0,
                        0.0,
                        0.0,
                        1.0
                    ]
                },
                "name": "IndexFinger1_R",
                "parentIndex": 12
            },
            {
                "index": 20,
                "inverseBindPose": {
                    "matrix": [
                        -0.2519564222894855,
                        -0.9282793514144514,
                        0.273524051967372,
                        0.2429510042682278,
                        -0.9641982612747445,
                        0.2649532689634103,
                        0.011021715853805823,
                        -0.7347146264989293,
                        -0.08270232295311815,
                        -0.2609544232297466,
                        -0.9618020143329853,
                        0.09683769387598053,
                        0.0,
                        0.0,
                        0.0,
                        1.0
                    ]
                },
                "name": "IndexFinger2_R",
                "parentIndex": 19
            },
            {
                "index": 21,
                "inverseBindPose": {
                    "matrix": [
                        -0.347452890349155,
                        -0.8970013199986868,
                        0.27324919196336883,
                        0.1294878908054199,
                        -0.9340432617208784,
                        0.35677923274406803,
                        -0.01648527574466735,
                        -0.7251492610638863,
                        -0.08270232295311827,
                        -0.2609544232297467,
                        -0.9618020143329865,
                        0.08516121099619325,
                        0.0,
                        0.0,
                        0.0,
                        1.0
                    ]
                },
                "name": "IndexFinger3_R",
                "parentIndex": 20
            },
            {
                "index": 22,
                "inverseBindPose": {
                    "matrix": [
                        5.053215498074303e-16,
                        1.0,
                        5.551115123125783e-17,
                        -1.110156538923397,
                        -5.053215498074304e-16,
                        -5.5511151231257587e-17,
                        1.0000000000000002,
                        5.369048410357809e-05,
                        1.0000000000000002,
                        -5.053215498074304e-16,
                        5.053215498074304e-16,
                        9.246372622125354e-17,
                        0.0,
                        0.0,
                        0.0,
                        1.0
                    ]
                },
                "name": "Neck_M",
                "parentIndex": 4
            },
            {
                "index": 23,
                "inverseBindPose": {
                    "matrix": [
                        5.053215498074303e-16,
                        1.0,
                        5.551115123125783e-17,
                        -1.136246681069244,
                        -5.053215498074303e-16,
                        -5.5511151231257574e-17,
                        1.0,
                        5.3690484103581125e-05,
                        1.0,
                        -5.053215498074303e-16,
                        5.053215498074303e-16,
                        7.753466483617481e-17,
                        0.0,
                        0.0,
                        0.0,
                        1.0
                    ]
                },
                "name": "NeckPart1_M",
                "parentIndex": 22
            },
            {
                "index": 24,
                "inverseBindPose": {
                    "matrix": [
                        5.053215498074303e-16,
                        1.0,
                        5.551115123125783e-17,
                        -1.1623369230528076,
                        -5.053215498074303e-16,
                        -5.5511151231257574e-17,
                        1.0,
                        5.369048410358416e-05,
                        1.0,
                        -5.053215498074303e-16,
                        5.053215498074303e-16,
                        6.260554632287658e-17,
                        0.0,
                        0.0,
                        0.0,
                        1.0
                    ]
                },
                "name": "NeckPart2_M",
                "parentIndex": 23
            },
            {
                "index": 25,
                "inverseBindPose": {
                    "matrix": [
                        6.694250374423872e-16,
                        0.9203411969156223,
                        -0.39111645485701474,
                        -1.0937794328054153,
                        -2.208366779854911e-16,
                        0.39111645485701474,
                        0.9203411969156223,
                        -0.46476398655604517,
                        0.9999999999999998,
                        -5.297265816089267e-16,
                        4.650682399770277e-16,
                        7.667789669256809e-17,
                        0.0,
                        0.0,
                        0.0,
                        1.0
                    ]
                },
                "name": "Head_M",
                "parentIndex": 24
            },
            {
                "index": 26,
                "inverseBindPose": {
                    "matrix": [
                        5.053215498074303e-16,
                        1.0,
                        6.106226635438361e-16,
                        -1.4929449349959634,
                        -5.053215498074306e-16,
                        -6.106226635438358e-16,
                        1.0,
                        0.12946431618581236,
                        1.0,
                        -5.053215498074306e-16,
                        5.053215498074303e-16,
                        3.1998754938765357e-16,
                        0.0,
                        0.0,
                        0.0,
                        1.0
                    ]
                },
                "name": "Hair_M",
                "parentIndex": 25
            },
            {
                "index": 27,
                "inverseBindPose": {
                    "matrix": [
                        -0.5717846154860233,
                        -0.8146161867100457,
                        0.09727703656816365,
                        0.9560066697738175,
                        0.8030770239832673,
                        -0.5800004037498445,
                        -0.13662659038487565,
                        0.39927908700817866,
                        0.16771895254764616,
                        -2.9419310215662456e-08,
                        0.9858348507515443,
